[gd_scene load_steps=2 format=3 uid="uid://coujrvkdglup4"]

[ext_resource type="PackedScene" uid="uid://dv6rs4ilyudts" path="res://models/arms/scene.gltf" id="1_en26f"]

[node name="arms" instance=ExtResource("1_en26f")]

[node name="Skeleton3D" parent="Sketchfab_model/PSX_First_Person_Arms_fbx/Object_2/RootNode/arms_armature/Object_5" index="0"]
bones/3/rotation = Quaternion(-0.605155, -0.345862, -0.356135, 0.622363)
bones/4/rotation = Quaternion(-0.0296616, -0.732336, 0.680149, 0.0142187)
bones/5/rotation = Quaternion(0.0213082, 0.355723, 0.260349, 0.897343)
bones/6/rotation = Quaternion(-0.605155, 0.345862, 0.356134, 0.622363)
bones/7/rotation = Quaternion(0.0296615, -0.732336, 0.680149, -0.0142188)
bones/8/rotation = Quaternion(0.0213083, -0.355723, -0.260349, 0.897343)
bones/9/position = Vector3(0.235321, -0.0992145, 1.06803)
bones/9/rotation = Quaternion(0.577158, -0.21725, -0.7493, 0.241331)
bones/10/rotation = Quaternion(-0.121667, 0.0173415, -0.702203, 0.70129)
bones/11/rotation = Quaternion(0.0802664, 0.777713, 0.000449643, 0.623474)
bones/12/rotation = Quaternion(0.0800881, -0.011395, -0.0442195, 0.995741)
bones/13/rotation = Quaternion(0.242267, -0.0154738, 0.0293366, 0.969643)
bones/14/rotation = Quaternion(0.0198929, 0.0276081, 0.00896445, 0.999381)
bones/16/rotation = Quaternion(0.130312, -0.0132034, -0.0161992, 0.991253)
bones/18/rotation = Quaternion(0.0394099, 0.70135, -0.0405688, 0.710569)
bones/19/rotation = Quaternion(0.165985, 0.0142893, -0.0138805, 0.985927)
bones/20/rotation = Quaternion(0.228651, -0.0183401, 0.00871427, 0.973297)
bones/21/rotation = Quaternion(0.0259376, -0.0208948, 0.00278167, 0.999441)
bones/22/rotation = Quaternion(-0.0144223, 0.685969, -0.0707234, 0.724042)
bones/23/rotation = Quaternion(0.257654, 0.0217819, 0.0112438, 0.965926)
bones/24/rotation = Quaternion(0.216409, -0.00494687, 0.0220776, 0.976041)
bones/25/rotation = Quaternion(0.0411368, -0.000345002, -4.12366e-06, 0.999153)
bones/27/rotation = Quaternion(0.269927, -0.0380039, 0.0054039, 0.962115)
bones/28/rotation = Quaternion(0.171918, -0.00667849, -0.011613, 0.98502)
bones/29/rotation = Quaternion(0.0394398, -0.0148376, 0.0241185, 0.998821)
bones/30/position = Vector3(-0.235321, -0.0992145, 1.06803)
bones/30/rotation = Quaternion(0.577158, 0.21725, 0.7493, 0.24133)
bones/31/rotation = Quaternion(-0.121667, -0.0173415, 0.702203, 0.70129)
bones/32/rotation = Quaternion(0.0802664, -0.777713, -0.000449619, 0.623474)
bones/33/rotation = Quaternion(0.188499, 0.00766591, -0.0134487, 0.981951)
bones/34/rotation = Quaternion(0.242267, 0.0154738, -0.0293366, 0.969643)
bones/35/rotation = Quaternion(0.0198929, -0.0276081, -0.00896444, 0.999381)
bones/36/rotation = Quaternion(0.132932, -0.519239, -0.27229, 0.799111)
bones/37/rotation = Quaternion(0.0546833, -0.000640805, 0.0292253, 0.998076)
bones/38/rotation = Quaternion(0.0969746, 0.0121338, 0.036578, 0.994541)
bones/39/rotation = Quaternion(0.0394102, -0.701351, 0.0405691, 0.710569)
bones/40/position = Vector3(-1.39698e-08, 0.0556262, 8.9407e-08)
bones/40/rotation = Quaternion(0.318175, -0.0119419, 0.015945, 0.947823)
bones/41/rotation = Quaternion(0.228651, 0.0183401, -0.00871428, 0.973297)
bones/42/rotation = Quaternion(0.0259376, 0.0208948, -0.00278168, 0.999441)
bones/44/position = Vector3(-3.72529e-09, 0.0563298, 0)
bones/44/rotation = Quaternion(0.367057, -0.0229307, -0.00866353, 0.929875)
bones/45/rotation = Quaternion(0.216409, 0.00494686, -0.0220776, 0.976041)
bones/46/rotation = Quaternion(0.0411368, 0.000345014, 4.11993e-06, 0.999153)
bones/47/rotation = Quaternion(-0.040541, -0.649786, 0.126243, 0.748463)
bones/48/position = Vector3(-2.98023e-08, 0.0538127, 7.45058e-09)
bones/48/rotation = Quaternion(0.282412, 0.0379304, -0.0058975, 0.958525)
bones/50/rotation = Quaternion(0.0394397, 0.0148375, -0.0241185, 0.998821)

[node name="Object_58" parent="Sketchfab_model/PSX_First_Person_Arms_fbx/Object_2/RootNode/arms_armature/Object_5/Skeleton3D" index="0"]
transform = Transform3D(1, 0, 0, 0, 1, -1.42109e-14, 0, 1.42109e-14, 1, 0, 0, 0)

[node name="BoneAttachment3D" type="BoneAttachment3D" parent="Sketchfab_model/PSX_First_Person_Arms_fbx/Object_2/RootNode/arms_armature/Object_5/Skeleton3D" index="1"]
transform = Transform3D(0.137357, -0.972583, 0.18766, 0.95526, 0.180177, 0.234641, -0.26202, 0.147028, 0.953817, -0.233901, -0.274639, 1.2671)
bone_name = "ik_hand.R_029"
bone_idx = 30
override_pose = true

[node name="BoneAttachment3D2" type="BoneAttachment3D" parent="Sketchfab_model/PSX_First_Person_Arms_fbx/Object_2/RootNode/arms_armature/Object_5/Skeleton3D/BoneAttachment3D" index="0"]
transform = Transform3D(-0.241842, -0.94533, -0.218676, 0.894759, -0.130087, -0.427183, 0.375384, -0.298973, 0.877304, 0.248267, 0.036486, 0.091663)
bone_name = "forearm.R_08"
bone_idx = 8
override_pose = true
use_external_skeleton = true
external_skeleton = NodePath("../..")

[node name="BoneAttachment3D3" type="BoneAttachment3D" parent="Sketchfab_model/PSX_First_Person_Arms_fbx/Object_2/RootNode/arms_armature/Object_5/Skeleton3D/BoneAttachment3D" index="1"]
transform = Transform3D(-0.552455, -0.810533, -0.194389, 0.513321, -0.147103, -0.845497, 0.656708, -0.566883, 0.497333, 0.464086, 0.0756079, 0.257862)
bone_name = "upper_arm.R_07"
bone_idx = 7
override_pose = true
use_external_skeleton = true
external_skeleton = NodePath("../..")

[node name="BoneAttachment3D4" type="BoneAttachment3D" parent="Sketchfab_model/PSX_First_Person_Arms_fbx/Object_2/RootNode/arms_armature/Object_5/Skeleton3D/BoneAttachment3D" index="2"]
transform = Transform3D(0.0402437, 0.276244, 0.960237, 0.27016, -0.928251, 0.255695, 0.961974, 0.249129, -0.111984, -0.123997, -0.0456641, 0.0188735)
bone_name = "f_index.03.R_034"
bone_idx = 35
override_pose = true
use_external_skeleton = true
external_skeleton = NodePath("../..")

[node name="BoneAttachment3D5" type="BoneAttachment3D" parent="Sketchfab_model/PSX_First_Person_Arms_fbx/Object_2/RootNode/arms_armature/Object_5/Skeleton3D/BoneAttachment3D" index="3"]
transform = Transform3D(-0.290746, 0.878343, 0.379473, 0.137705, -0.35407, 0.925016, 0.94684, 0.3212, -0.0180046, -0.114885, -0.057514, -0.00643492)
bone_name = "f_middle.03.R_041"
bone_idx = 42
override_pose = true
use_external_skeleton = true
external_skeleton = NodePath("../..")

[node name="BoneAttachment3D6" type="BoneAttachment3D" parent="Sketchfab_model/PSX_First_Person_Arms_fbx/Object_2/RootNode/arms_armature/Object_5/Skeleton3D/BoneAttachment3D" index="4"]
transform = Transform3D(-0.316124, 0.860636, 0.399233, 0.151117, -0.369772, 0.916742, 0.936606, 0.350136, -0.0131619, -0.106566, -0.0595463, -0.0298569)
bone_name = "f_ring.03.R_045"
bone_idx = 46
override_pose = true
use_external_skeleton = true
external_skeleton = NodePath("../..")

[node name="BoneAttachment3D7" type="BoneAttachment3D" parent="Sketchfab_model/PSX_First_Person_Arms_fbx/Object_2/RootNode/arms_armature/Object_5/Skeleton3D/BoneAttachment3D" index="5"]
transform = Transform3D(-0.503073, 0.763933, 0.404156, -0.0592525, -0.49704, 0.865696, 0.86221, 0.41156, 0.295307, -0.0954878, -0.0466607, -0.0551742)
bone_name = "f_pinky.03.R_049"
bone_idx = 50
override_pose = true
use_external_skeleton = true
external_skeleton = NodePath("../..")

[node name="AnimationPlayer" parent="." index="1"]
autoplay = "arms_armature|Hands_below"
